(5, 33): 33
(10, 33): 32
(4, 52): 31
(6, 34): 31
(36, 53): 31
(46, 54): 30
(5, 11): 30
(5, 27): 30
(42, 59): 30
(41, 58): 30
(2, 35): 30
(23, 51): 30
(18, 56): 30
(9, 41): 29
(4, 38): 29
(26, 54): 29
(38, 53): 29
(23, 53): 29
(18, 31): 29
(10, 28): 28
(10, 54): 28
(44, 54): 28
(4, 44): 28
(6, 28): 28
(6, 19): 28
(5, 10): 28
(5, 24): 28
(27, 40): 28
(12, 37): 28
(1, 48): 28
(1, 5): 28
(16, 20): 28
(23, 30): 28
(8, 53): 28
(38, 50): 28
(29, 36): 27
(4, 27): 27
(4, 54): 27
(11, 30): 27
(6, 53): 27
(6, 24): 27
(16, 34): 27
(41, 53): 27
(2, 18): 27
(2, 50): 27
(51, 52): 27
(29, 47): 26
(32, 40): 26
(10, 43): 26
(24, 42): 26
(4, 17): 26
(11, 27): 26
(8, 18): 26
(6, 33): 26
(35, 39): 26
(5, 23): 26
(40, 52): 26
(27, 49): 26
(7, 39): 26
(33, 42): 26
(41, 42): 26
(10, 56): 26
(14, 29): 26
(13, 29): 26
(43, 56): 26
(43, 54): 26
(13, 24): 26
(13, 17): 26
(23, 47): 26
(13, 51): 26
(28, 51): 26
(13, 42): 26
(3, 5): 26
(18, 30): 26
(18, 39): 26
(17, 27): 26
(17, 48): 26
(17, 53): 26
(45, 56): 26
(10, 24): 25
(24, 33): 25
(24, 51): 25
(24, 57): 25
(34, 53): 25
(34, 37): 25
(4, 56): 25
(11, 13): 25
(33, 36): 25
(10, 53): 25
(10, 47): 25
(25, 41): 25
(6, 10): 25
(5, 18): 25
(5, 51): 25
(16, 35): 25
(27, 52): 25
(42, 49): 25
(12, 32): 25
(2, 14): 25
(2, 51): 25
(37, 58): 25
(32, 38): 25
(1, 49): 25
(1, 13): 25
(36, 42): 25
(16, 27): 25
(43, 53): 25
(13, 27): 25
(13, 54): 25
(13, 53): 25
(13, 41): 25
(21, 38): 25
(51, 59): 25
(8, 43): 25
(8, 23): 25
(17, 32): 25
(17, 42): 25
(30, 52): 25
(30, 35): 25
(30, 47): 25
(29, 38): 24
(29, 44): 24
(29, 50): 24
(10, 23): 24
(10, 12): 24
(10, 13): 24
(9, 36): 24
(9, 54): 24
(44, 55): 24
(19, 39): 24
(19, 34): 24
(24, 38): 24
(24, 56): 24
(31, 33): 24
(4, 30): 24
(4, 29): 24
(4, 18): 24
(4, 21): 24
(4, 59): 24
(4, 51): 24
(11, 39): 24
(46, 56): 24
(26, 28): 24
(32, 48): 24
(25, 30): 24
(6, 50): 24
(6, 17): 24
(5, 46): 24
(5, 35): 24
(5, 34): 24
(5, 59): 24
(20, 60): 24
(40, 58): 24
(40, 42): 24
(16, 44): 24
(16, 45): 24
(12, 16): 24
(43, 52): 24
(47, 50): 24
(27, 59): 24
(27, 53): 24
(20, 32): 24
(42, 54): 24
(33, 40): 24
(12, 54): 24
(12, 52): 24
(12, 56): 24
(12, 60): 24
(22, 29): 24
(51, 56): 24
(2, 11): 24
(2, 32): 24
(32, 34): 24
(1, 51): 24
(1, 6): 24
(1, 4): 24
(36, 52): 24
(16, 23): 24
(14, 35): 24
(32, 50): 24
(23, 41): 24
(43, 57): 24
(23, 52): 24
(13, 33): 24
(28, 32): 24
(28, 43): 24
(28, 45): 24
(28, 48): 24
(28, 53): 24
(57, 58): 24
(3, 23): 24
(8, 30): 24
(8, 11): 24
(18, 58): 24
(17, 52): 24
(17, 33): 24
(17, 38): 24
(30, 32): 24
(29, 31): 23
(29, 59): 23
(10, 25): 23
(10, 57): 23
(10, 40): 23
(44, 53): 23
(19, 41): 23
(19, 52): 23
(24, 32): 23
(24, 50): 23
(31, 42): 23
(31, 34): 23
(31, 57): 23
(31, 51): 23
(31, 53): 23
(53, 56): 23
(34, 54): 23
(4, 28): 23
(4, 45): 23
(4, 33): 23
(33, 43): 23
(33, 51): 23
(33, 48): 23
(11, 35): 23
(33, 60): 23
(46, 53): 23
(10, 42): 23
(25, 51): 23
(6, 56): 23
(6, 51): 23
(6, 37): 23
(6, 13): 23
(35, 36): 23
(35, 43): 23
(5, 16): 23
(5, 58): 23
(20, 37): 23
(40, 44): 23
(27, 46): 23
(7, 24): 23
(12, 24): 23
(12, 44): 23
(21, 54): 23
(39, 43): 23
(9, 23): 23
(37, 39): 23
(37, 54): 23
(37, 51): 23
(1, 37): 23
(1, 44): 23
(36, 44): 23
(16, 24): 23
(16, 37): 23
(13, 14): 23
(11, 46): 23
(23, 56): 23
(13, 35): 23
(23, 29): 23
(57, 59): 23
(41, 44): 23
(3, 13): 23
(8, 52): 23
(8, 56): 23
(8, 32): 23
(15, 57): 23
(15, 42): 23
(17, 50): 23
(17, 49): 23
(30, 59): 23
(29, 35): 22
(29, 43): 22
(29, 42): 22
(29, 54): 22
(10, 27): 22
(10, 29): 22
(10, 17): 22
(10, 20): 22
(10, 21): 22
(10, 11): 22
(10, 41): 22
(10, 32): 22
(9, 32): 22
(39, 49): 22
(39, 45): 22
(19, 29): 22
(19, 30): 22
(44, 46): 22
(19, 37): 22
(24, 46): 22
(24, 44): 22
(24, 52): 22
(31, 46): 22
(34, 43): 22
(34, 45): 22
(4, 14): 22
(4, 13): 22
(4, 19): 22
(4, 36): 22
(4, 53): 22
(11, 19): 22
(11, 33): 22
(46, 51): 22
(46, 60): 22
(32, 33): 22
(46, 58): 22
(10, 37): 22
(45, 53): 22
(25, 43): 22
(6, 43): 22
(6, 25): 22
(6, 11): 22
(5, 25): 22
(5, 17): 22
(5, 42): 22
(5, 39): 22
(5, 37): 22
(20, 58): 22
(20, 53): 22
(20, 42): 22
(20, 40): 22
(20, 36): 22
(40, 50): 22
(16, 57): 22
(16, 54): 22
(5, 12): 22
(47, 59): 22
(47, 53): 22
(27, 41): 22
(27, 42): 22
(22, 28): 22
(50, 53): 22
(50, 54): 22
(7, 35): 22
(7, 8): 22
(42, 44): 22
(42, 47): 22
(12, 30): 22
(33, 49): 22
(12, 46): 22
(12, 45): 22
(21, 36): 22
(2, 16): 22
(2, 21): 22
(2, 23): 22
(2, 27): 22
(2, 28): 22
(2, 30): 22
(2, 15): 22
(2, 43): 22
(37, 38): 22
(1, 45): 22
(1, 10): 22
(1, 28): 22
(36, 38): 22
(36, 51): 22
(36, 48): 22
(16, 28): 22
(14, 23): 22
(14, 30): 22
(16, 58): 22
(14, 33): 22
(32, 49): 22
(11, 40): 22
(43, 55): 22
(23, 33): 22
(23, 35): 22
(23, 38): 22
(23, 49): 22
(23, 24): 22
(28, 31): 22
(28, 33): 22
(28, 38): 22
(23, 27): 22
(3, 27): 22
(3, 47): 22
(8, 49): 22
(8, 44): 22
(38, 45): 22
(18, 20): 22
(18, 23): 22
(18, 34): 22
(18, 37): 22
(18, 43): 22
(15, 30): 22
(15, 16): 22
(17, 18): 22
(17, 39): 22
(17, 37): 22
(17, 43): 22
(17, 47): 22
(17, 44): 22
(30, 60): 22
(30, 37): 22
(52, 57): 22
(29, 34): 21
(29, 45): 21
(29, 51): 21
(29, 49): 21
(29, 57): 21
(10, 19): 21
(10, 49): 21
(10, 52): 21
(39, 57): 21
(44, 60): 21
(19, 20): 21
(19, 23): 21
(24, 39): 21
(24, 36): 21
(24, 34): 21
(24, 40): 21
(24, 49): 21
(24, 60): 21
(31, 44): 21
(31, 54): 21
(53, 55): 21
(34, 42): 21
(4, 6): 21
(4, 5): 21
(4, 16): 21
(4, 23): 21
(4, 46): 21
(4, 47): 21
(10, 50): 21
(10, 45): 21
(26, 49): 21
(8, 25): 21
(25, 42): 21
(25, 45): 21
(6, 40): 21
(6, 22): 21
(5, 20): 21
(5, 40): 21
(5, 56): 21
(5, 54): 21
(20, 52): 21
(20, 43): 21
(50, 59): 21
(40, 41): 21
(12, 19): 21
(27, 44): 21
(27, 36): 21
(27, 38): 21
(27, 51): 21
(22, 30): 21
(50, 52): 21
(20, 28): 21
(7, 51): 21
(7, 50): 21
(7, 41): 21
(7, 43): 21
(7, 44): 21
(7, 12): 21
(42, 58): 21
(11, 56): 21
(12, 50): 21
(12, 34): 21
(12, 33): 21
(11, 37): 21
(39, 52): 21
(21, 57): 21
(2, 22): 21
(2, 5): 21
(2, 6): 21
(2, 48): 21
(2, 53): 21
(26, 39): 21
(44, 47): 21
(1, 50): 21
(1, 54): 21
(1, 52): 21
(1, 56): 21
(1, 2): 21
(36, 54): 21
(36, 55): 21
(16, 18): 21
(14, 36): 21
(16, 56): 21
(16, 42): 21
(11, 48): 21
(23, 32): 21
(13, 20): 21
(23, 37): 21
(23, 46): 21
(23, 54): 21
(23, 59): 21
(23, 58): 21
(13, 32): 21
(23, 28): 21
(58, 59): 21
(28, 46): 21
(28, 50): 21
(28, 54): 21
(28, 58): 21
(23, 31): 21
(13, 26): 21
(3, 16): 21
(3, 14): 21
(3, 56): 21
(3, 36): 21
(3, 32): 21
(3, 46): 21
(8, 59): 21
(8, 36): 21
(8, 37): 21
(8, 22): 21
(8, 12): 21
(18, 33): 21
(18, 42): 21
(18, 44): 21
(18, 50): 21
(18, 53): 21
(15, 59): 21
(37, 43): 21
(37, 41): 21
(37, 40): 21
(37, 50): 21
(15, 25): 21
(15, 31): 21
(15, 18): 21
(17, 19): 21
(30, 46): 21
(52, 60): 21
(56, 58): 21
(29, 32): 20
(10, 16): 20
(32, 35): 20
(10, 36): 20
(10, 38): 20
(10, 39): 20
(55, 58): 20
(9, 53): 20
(39, 60): 20
(9, 21): 20
(44, 51): 20
(19, 33): 20
(19, 35): 20
(19, 44): 20
(19, 49): 20
(19, 58): 20
(24, 53): 20
(54, 60): 20
(54, 59): 20
(24, 28): 20
(24, 26): 20
(24, 25): 20
(31, 43): 20
(31, 45): 20
(31, 36): 20
(53, 58): 20
(53, 54): 20
(34, 57): 20
(34, 60): 20
(4, 25): 20
(4, 43): 20
(4, 34): 20
(4, 39): 20
(4, 37): 20
(4, 60): 20
(4, 49): 20
(11, 24): 20
(11, 12): 20
(10, 60): 20
(11, 54): 20
(33, 52): 20
(48, 52): 20
(46, 49): 20
(32, 54): 20
(26, 42): 20
(8, 27): 20
(25, 28): 20
(25, 57): 20
(25, 33): 20
(6, 45): 20
(6, 39): 20
(6, 23): 20
(6, 18): 20
(6, 15): 20
(35, 37): 20
(35, 40): 20
(35, 42): 20
(5, 15): 20
(5, 14): 20
(5, 6): 20
(5, 30): 20
(5, 32): 20
(5, 53): 20
(20, 54): 20
(20, 41): 20
(50, 58): 20
(40, 55): 20
(40, 51): 20
(14, 52): 20
(16, 32): 20
(47, 57): 20
(47, 60): 20
(47, 55): 20
(27, 45): 20
(27, 56): 20
(27, 55): 20
(27, 50): 20
(50, 55): 20
(20, 24): 20
(20, 30): 20
(7, 53): 20
(7, 55): 20
(7, 32): 20
(7, 37): 20
(7, 45): 20
(42, 46): 20
(11, 53): 20
(12, 22): 20
(22, 43): 20
(22, 25): 20
(12, 40): 20
(11, 43): 20
(11, 36): 20
(21, 52): 20
(21, 25): 20
(41, 54): 20
(2, 10): 20
(2, 12): 20
(2, 52): 20
(2, 54): 20
(2, 58): 20
(2, 59): 20
(2, 34): 20
(2, 45): 20
(37, 56): 20
(37, 53): 20
(1, 33): 20
(1, 38): 20
(1, 46): 20
(1, 58): 20
(1, 23): 20
(36, 60): 20
(36, 49): 20
(16, 19): 20
(16, 53): 20
(14, 51): 20
(14, 60): 20
(16, 39): 20
(16, 36): 20
(14, 56): 20
(11, 41): 20
(43, 58): 20
(43, 50): 20
(43, 46): 20
(23, 42): 20
(13, 56): 20
(13, 47): 20
(28, 29): 20
(28, 56): 20
(3, 24): 20
(3, 53): 20
(3, 51): 20
(3, 42): 20
(8, 51): 20
(8, 58): 20
(8, 38): 20
(8, 39): 20
(8, 34): 20
(8, 33): 20
(8, 42): 20
(38, 41): 20
(18, 29): 20
(18, 49): 20
(37, 44): 20
(15, 48): 20
(15, 41): 20
(15, 45): 20
(17, 56): 20
(17, 35): 20
(17, 34): 20
(17, 40): 20
(30, 33): 20
(30, 44): 20
(52, 55): 20
(59, 60): 19
(29, 48): 19
(32, 42): 19
(10, 34): 19
(10, 35): 19
(32, 51): 19
(25, 34): 19
(25, 38): 19
(9, 46): 19
(9, 35): 19
(9, 37): 19
(9, 51): 19
(44, 48): 19
(44, 49): 19
(19, 28): 19
(24, 45): 19
(54, 56): 19
(54, 57): 19
(54, 58): 19
(53, 60): 19
(53, 59): 19
(34, 51): 19
(4, 10): 19
(4, 48): 19
(32, 47): 19
(33, 35): 19
(33, 38): 19
(33, 55): 19
(33, 53): 19
(33, 59): 19
(10, 51): 19
(46, 55): 19
(46, 59): 19
(10, 44): 19
(26, 52): 19
(45, 54): 19
(8, 24): 19
(6, 60): 19
(6, 59): 19
(6, 49): 19
(6, 36): 19
(35, 52): 19
(35, 49): 19
(35, 51): 19
(35, 57): 19
(35, 45): 19
(5, 31): 19
(5, 28): 19
(5, 19): 19
(5, 44): 19
(5, 43): 19
(5, 52): 19
(20, 49): 19
(20, 44): 19
(40, 47): 19
(40, 45): 19
(16, 60): 19
(16, 50): 19
(12, 27): 19
(22, 32): 19
(27, 43): 19
(27, 58): 19
(20, 34): 19
(50, 57): 19
(20, 33): 19
(40, 59): 19
(7, 33): 19
(7, 40): 19
(7, 30): 19
(42, 51): 19
(33, 39): 19
(22, 41): 19
(22, 59): 19
(22, 53): 19
(22, 54): 19
(12, 47): 19
(21, 56): 19
(21, 48): 19
(51, 53): 19
(21, 29): 19
(41, 49): 19
(41, 52): 19
(2, 17): 19
(2, 8): 19
(2, 49): 19
(2, 57): 19
(2, 37): 19
(37, 49): 19
(37, 48): 19
(1, 34): 19
(1, 43): 19
(1, 3): 19
(1, 19): 19
(1, 25): 19
(36, 40): 19
(36, 41): 19
(36, 56): 19
(16, 17): 19
(14, 21): 19
(14, 24): 19
(14, 25): 19
(16, 52): 19
(11, 51): 19
(32, 53): 19
(23, 39): 19
(13, 25): 19
(23, 60): 19
(13, 50): 19
(13, 59): 19
(13, 45): 19
(13, 44): 19
(28, 34): 19
(28, 47): 19
(28, 44): 19
(13, 46): 19
(3, 20): 19
(3, 15): 19
(3, 10): 19
(3, 58): 19
(3, 35): 19
(3, 43): 19
(8, 48): 19
(8, 60): 19
(8, 28): 19
(38, 49): 19
(38, 44): 19
(8, 10): 19
(18, 21): 19
(18, 24): 19
(18, 47): 19
(18, 59): 19
(47, 54): 19
(15, 37): 19
(15, 38): 19
(15, 22): 19
(17, 29): 19
(17, 51): 19
(17, 59): 19
(30, 53): 19
(30, 54): 19
(30, 50): 19
(30, 57): 19
(30, 36): 19
(30, 41): 19
(52, 58): 19
(52, 54): 19
(29, 41): 18
(10, 15): 18
(10, 58): 18
(32, 37): 18
(9, 42): 18
(9, 45): 18
(9, 44): 18
(9, 34): 18
(9, 39): 18
(9, 49): 18
(39, 51): 18
(39, 58): 18
(9, 18): 18
(9, 17): 18
(44, 56): 18
(44, 57): 18
(19, 22): 18
(19, 31): 18
(19, 42): 18
(19, 54): 18
(19, 50): 18
(24, 35): 18
(24, 41): 18
(54, 55): 18
(31, 35): 18
(31, 49): 18
(34, 48): 18
(34, 49): 18
(34, 56): 18
(34, 41): 18
(34, 46): 18
(4, 12): 18
(4, 24): 18
(4, 31): 18
(11, 20): 18
(11, 18): 18
(11, 14): 18
(33, 34): 18
(11, 52): 18
(33, 56): 18
(26, 45): 18
(26, 35): 18
(38, 52): 18
(45, 60): 18
(25, 60): 18
(25, 50): 18
(25, 49): 18
(25, 32): 18
(6, 46): 18
(6, 41): 18
(6, 35): 18
(6, 7): 18
(35, 53): 18
(35, 59): 18
(5, 8): 18
(5, 41): 18
(5, 48): 18
(20, 48): 18
(20, 47): 18
(50, 56): 18
(50, 60): 18
(40, 54): 18
(40, 49): 18
(40, 60): 18
(40, 46): 18
(16, 59): 18
(14, 46): 18
(14, 49): 18
(14, 50): 18
(16, 38): 18
(22, 38): 18
(49, 51): 18
(49, 53): 18
(47, 52): 18
(27, 28): 18
(27, 35): 18
(27, 48): 18
(12, 39): 18
(20, 26): 18
(11, 16): 18
(7, 54): 18
(7, 56): 18
(7, 34): 18
(7, 38): 18
(7, 16): 18
(7, 20): 18
(7, 31): 18
(7, 9): 18
(7, 13): 18
(42, 48): 18
(42, 50): 18
(22, 36): 18
(12, 31): 18
(11, 50): 18
(12, 48): 18
(33, 57): 18
(46, 47): 18
(9, 11): 18
(21, 59): 18
(21, 40): 18
(21, 22): 18
(41, 59): 18
(41, 55): 18
(2, 36): 18
(56, 57): 18
(37, 47): 18
(37, 46): 18
(37, 42): 18
(1, 59): 18
(1, 8): 18
(36, 37): 18
(36, 59): 18
(16, 29): 18
(16, 21): 18
(16, 46): 18
(16, 33): 18
(23, 57): 18
(13, 21): 18
(12, 53): 18
(13, 30): 18
(43, 59): 18
(23, 34): 18
(23, 36): 18
(13, 31): 18
(23, 55): 18
(13, 60): 18
(13, 58): 18
(13, 34): 18
(13, 40): 18
(28, 30): 18
(28, 35): 18
(28, 41): 18
(28, 55): 18
(28, 59): 18
(23, 25): 18
(13, 43): 18
(21, 35): 18
(21, 34): 18
(3, 25): 18
(3, 34): 18
(3, 40): 18
(8, 54): 18
(8, 45): 18
(8, 41): 18
(38, 56): 18
(38, 59): 18
(38, 48): 18
(18, 51): 18
(18, 57): 18
(18, 60): 18
(47, 58): 18
(15, 49): 18
(15, 51): 18
(15, 53): 18
(15, 35): 18
(15, 34): 18
(15, 39): 18
(15, 27): 18
(17, 23): 18
(17, 22): 18
(17, 54): 18
(17, 41): 18
(30, 56): 18
(30, 31): 18
(52, 53): 18
(56, 59): 18
(29, 52): 17
(32, 46): 17
(32, 43): 17
(32, 41): 17
(32, 36): 17
(32, 60): 17
(32, 58): 17
(32, 59): 17
(9, 40): 17
(9, 60): 17
(9, 52): 17
(9, 24): 17
(9, 19): 17
(39, 44): 17
(44, 52): 17
(44, 59): 17
(19, 24): 17
(19, 27): 17
(19, 53): 17
(19, 55): 17
(19, 51): 17
(19, 56): 17
(24, 43): 17
(24, 55): 17
(24, 30): 17
(31, 41): 17
(34, 50): 17
(34, 55): 17
(34, 40): 17
(4, 40): 17
(4, 58): 17
(33, 50): 17
(11, 47): 17
(48, 57): 17
(48, 55): 17
(10, 46): 17
(26, 40): 17
(25, 52): 17
(25, 39): 17
(6, 52): 17
(6, 31): 17
(6, 20): 17
(6, 14): 17
(35, 50): 17
(35, 56): 17
(35, 38): 17
(5, 21): 17
(5, 47): 17
(5, 45): 17
(5, 38): 17
(5, 36): 17
(5, 57): 17
(20, 51): 17
(14, 45): 17
(14, 42): 17
(14, 59): 17
(22, 42): 17
(49, 57): 17
(47, 56): 17
(27, 29): 17
(27, 30): 17
(27, 47): 17
(27, 37): 17
(27, 32): 17
(12, 35): 17
(22, 31): 17
(12, 38): 17
(12, 41): 17
(20, 38): 17
(20, 27): 17
(20, 31): 17
(20, 29): 17
(7, 60): 17
(7, 21): 17
(7, 14): 17
(42, 56): 17
(42, 55): 17
(22, 58): 17
(22, 52): 17
(11, 44): 17
(12, 59): 17
(12, 42): 17
(48, 49): 17
(9, 12): 17
(21, 53): 17
(51, 60): 17
(41, 47): 17
(41, 56): 17
(39, 41): 17
(9, 22): 17
(2, 56): 17
(2, 38): 17
(2, 41): 17
(10, 59): 17
(37, 60): 17
(1, 39): 17
(1, 42): 17
(1, 47): 17
(1, 9): 17
(1, 24): 17
(36, 58): 17
(16, 26): 17
(16, 22): 17
(14, 28): 17
(14, 31): 17
(14, 26): 17
(14, 38): 17
(14, 44): 17
(14, 58): 17
(13, 16): 17
(43, 49): 17
(43, 45): 17
(43, 47): 17
(23, 45): 17
(23, 44): 17
(23, 48): 17
(13, 49): 17
(13, 57): 17
(13, 39): 17
(28, 42): 17
(28, 49): 17
(28, 57): 17
(51, 58): 17
(21, 30): 17
(21, 27): 17
(41, 45): 17
(3, 17): 17
(3, 18): 17
(3, 29): 17
(3, 9): 17
(3, 11): 17
(3, 52): 17
(3, 54): 17
(3, 49): 17
(3, 60): 17
(3, 37): 17
(8, 40): 17
(8, 21): 17
(38, 51): 17
(8, 15): 17
(38, 39): 17
(18, 32): 17
(18, 54): 17
(15, 50): 17
(15, 33): 17
(15, 29): 17
(15, 17): 17
(15, 19): 17
(15, 23): 17
(17, 20): 17
(17, 24): 17
(17, 30): 17
(17, 28): 17
(17, 55): 17
(17, 36): 17
(30, 49): 17
(30, 39): 17
(52, 56): 17
(29, 37): 16
(29, 55): 16
(29, 53): 16
(29, 60): 16
(10, 30): 16
(10, 31): 16
(10, 14): 16
(10, 55): 16
(32, 55): 16
(9, 33): 16
(9, 57): 16
(9, 56): 16
(39, 53): 16
(39, 54): 16
(39, 56): 16
(44, 50): 16
(19, 40): 16
(24, 47): 16
(24, 54): 16
(31, 32): 16
(31, 37): 16
(31, 39): 16
(31, 38): 16
(31, 56): 16
(31, 58): 16
(31, 50): 16
(34, 35): 16
(34, 44): 16
(4, 9): 16
(4, 15): 16
(4, 42): 16
(4, 41): 16
(57, 60): 16
(11, 28): 16
(11, 31): 16
(11, 22): 16
(11, 59): 16
(33, 41): 16
(11, 49): 16
(33, 45): 16
(33, 54): 16
(33, 58): 16
(48, 54): 16
(26, 27): 16
(26, 41): 16
(26, 48): 16
(26, 51): 16
(26, 53): 16
(38, 60): 16
(8, 17): 16
(38, 54): 16
(45, 51): 16
(45, 50): 16
(45, 59): 16
(25, 48): 16
(25, 53): 16
(25, 47): 16
(55, 60): 16
(6, 57): 16
(6, 48): 16
(6, 30): 16
(6, 8): 16
(35, 58): 16
(35, 44): 16
(35, 41): 16
(5, 13): 16
(5, 22): 16
(20, 45): 16
(40, 43): 16
(14, 32): 16
(12, 21): 16
(12, 25): 16
(50, 51): 16
(11, 26): 16
(7, 57): 16
(7, 59): 16
(7, 58): 16
(7, 36): 16
(7, 46): 16
(7, 18): 16
(7, 23): 16
(7, 22): 16
(7, 27): 16
(7, 29): 16
(7, 11): 16
(42, 60): 16
(42, 45): 16
(11, 58): 16
(22, 44): 16
(12, 20): 16
(22, 48): 16
(12, 49): 16
(12, 57): 16
(12, 43): 16
(11, 34): 16
(21, 50): 16
(21, 43): 16
(21, 33): 16
(21, 32): 16
(41, 57): 16
(41, 60): 16
(41, 50): 16
(41, 48): 16
(2, 24): 16
(2, 3): 16
(2, 4): 16
(2, 13): 16
(2, 44): 16
(37, 59): 16
(37, 55): 16
(1, 32): 16
(1, 36): 16
(1, 11): 16
(1, 14): 16
(1, 12): 16
(1, 17): 16
(1, 26): 16
(36, 46): 16
(14, 37): 16
(16, 55): 16
(14, 54): 16
(16, 43): 16
(13, 22): 16
(13, 37): 16
(28, 36): 16
(28, 37): 16
(28, 40): 16
(3, 21): 16
(3, 28): 16
(3, 31): 16
(3, 4): 16
(3, 45): 16
(8, 46): 16
(8, 47): 16
(38, 47): 16
(38, 42): 16
(18, 22): 16
(18, 41): 16
(18, 45): 16
(18, 48): 16
(15, 43): 16
(15, 47): 16
(17, 26): 16
(17, 25): 16
(17, 45): 16
(30, 55): 16
(30, 58): 16
(30, 38): 16
(30, 42): 16
(52, 59): 16
(2, 42): 16
(26, 31): 15
(29, 30): 15
(29, 39): 15
(29, 40): 15
(29, 56): 15
(32, 45): 15
(32, 56): 15
(9, 48): 15
(19, 26): 15
(19, 47): 15
(19, 43): 15
(24, 58): 15
(24, 59): 15
(31, 47): 15
(34, 52): 15
(34, 58): 15
(34, 47): 15
(4, 11): 15
(4, 26): 15
(4, 35): 15
(4, 32): 15
(4, 50): 15
(11, 23): 15
(32, 44): 15
(33, 44): 15
(48, 60): 15
(48, 58): 15
(48, 51): 15
(46, 48): 15
(46, 50): 15
(26, 29): 15
(32, 52): 15
(26, 32): 15
(26, 33): 15
(26, 57): 15
(38, 55): 15
(45, 48): 15
(45, 58): 15
(45, 46): 15
(25, 59): 15
(25, 56): 15
(25, 54): 15
(6, 58): 15
(6, 44): 15
(6, 47): 15
(6, 29): 15
(6, 16): 15
(6, 12): 15
(35, 55): 15
(5, 9): 15
(5, 29): 15
(5, 60): 15
(40, 56): 15
(14, 47): 15
(14, 43): 15
(16, 47): 15
(16, 41): 15
(22, 40): 15
(22, 34): 15
(12, 29): 15
(49, 50): 15
(49, 55): 15
(49, 54): 15
(49, 58): 15
(47, 48): 15
(22, 51): 15
(12, 51): 15
(27, 39): 15
(27, 33): 15
(27, 34): 15
(27, 57): 15
(7, 42): 15
(7, 17): 15
(7, 19): 15
(42, 52): 15
(42, 43): 15
(33, 37): 15
(22, 46): 15
(12, 28): 15
(22, 60): 15
(22, 56): 15
(22, 50): 15
(12, 13): 15
(11, 45): 15
(11, 42): 15
(21, 51): 15
(21, 49): 15
(51, 57): 15
(41, 51): 15
(12, 17): 15
(2, 55): 15
(2, 60): 15
(2, 33): 15
(2, 46): 15
(22, 37): 15
(15, 36): 15
(1, 41): 15
(1, 53): 15
(1, 7): 15
(1, 21): 15
(1, 20): 15
(1, 30): 15
(36, 47): 15
(16, 30): 15
(14, 17): 15
(14, 39): 15
(14, 40): 15
(14, 41): 15
(43, 51): 15
(43, 44): 15
(23, 43): 15
(13, 38): 15
(51, 54): 15
(21, 26): 15
(3, 7): 15
(3, 50): 15
(3, 33): 15
(8, 50): 15
(8, 35): 15
(8, 9): 15
(18, 38): 15
(18, 52): 15
(15, 55): 15
(15, 54): 15
(15, 28): 15
(15, 20): 15
(17, 31): 15
(17, 57): 15
(17, 46): 15
(30, 51): 15
(30, 34): 15
(30, 45): 15
(10, 22): 14
(10, 48): 14
(55, 59): 14
(9, 43): 14
(9, 58): 14
(9, 50): 14
(9, 55): 14
(39, 59): 14
(9, 25): 14
(9, 30): 14
(39, 46): 14
(44, 58): 14
(19, 48): 14
(19, 60): 14
(19, 59): 14
(24, 48): 14
(24, 31): 14
(34, 59): 14
(34, 38): 14
(34, 39): 14
(4, 8): 14
(4, 7): 14
(4, 20): 14
(4, 55): 14
(11, 17): 14
(11, 57): 14
(48, 50): 14
(46, 52): 14
(26, 30): 14
(26, 34): 14
(26, 36): 14
(45, 55): 14
(45, 49): 14
(25, 26): 14
(25, 31): 14
(25, 58): 14
(55, 56): 14
(25, 36): 14
(35, 54): 14
(35, 48): 14
(14, 15): 14
(5, 7): 14
(5, 49): 14
(20, 57): 14
(20, 55): 14
(40, 53): 14
(20, 21): 14
(14, 34): 14
(40, 57): 14
(16, 51): 14
(12, 18): 14
(49, 52): 14
(47, 51): 14
(27, 31): 14
(27, 60): 14
(7, 47): 14
(7, 28): 14
(7, 10): 14
(42, 53): 14
(22, 35): 14
(22, 57): 14
(22, 49): 14
(12, 58): 14
(11, 38): 14
(9, 15): 14
(21, 31): 14
(41, 46): 14
(2, 20): 14
(2, 29): 14
(2, 31): 14
(15, 58): 14
(44, 45): 14
(1, 35): 14
(1, 55): 14
(1, 18): 14
(1, 16): 14
(1, 27): 14
(1, 31): 14
(16, 31): 14
(14, 22): 14
(24, 29): 14
(13, 19): 14
(23, 50): 14
(13, 52): 14
(13, 36): 14
(58, 60): 14
(28, 52): 14
(23, 26): 14
(3, 8): 14
(3, 44): 14
(8, 14): 14
(18, 36): 14
(18, 40): 14
(15, 52): 14
(15, 32): 14
(30, 40): 14
(30, 43): 14
(10, 26): 13
(10, 18): 13
(25, 35): 13
(9, 47): 13
(9, 10): 13
(9, 14): 13
(39, 55): 13
(9, 28): 13
(19, 21): 13
(19, 57): 13
(24, 27): 13
(31, 59): 13
(11, 25): 13
(11, 21): 13
(11, 15): 13
(33, 46): 13
(48, 59): 13
(46, 57): 13
(26, 43): 13
(26, 37): 13
(26, 38): 13
(26, 50): 13
(26, 55): 13
(45, 57): 13
(45, 47): 13
(25, 29): 13
(25, 46): 13
(6, 54): 13
(6, 38): 13
(6, 27): 13
(6, 21): 13
(35, 46): 13
(20, 59): 13
(20, 56): 13
(14, 48): 13
(12, 26): 13
(22, 33): 13
(49, 59): 13
(22, 55): 13
(47, 49): 13
(12, 15): 13
(22, 27): 13
(7, 25): 13
(7, 15): 13
(11, 32): 13
(9, 13): 13
(21, 46): 13
(21, 28): 13
(21, 23): 13
(39, 47): 13
(9, 20): 13
(2, 19): 13
(2, 7): 13
(56, 60): 13
(37, 45): 13
(37, 57): 13
(37, 52): 13
(1, 40): 13
(1, 22): 13
(14, 19): 13
(14, 53): 13
(14, 55): 13
(12, 14): 13
(13, 15): 13
(3, 22): 13
(3, 30): 13
(3, 48): 13
(8, 55): 13
(38, 58): 13
(8, 31): 13
(38, 46): 13
(18, 25): 13
(18, 27): 13
(15, 60): 13
(15, 24): 13
(15, 26): 13
(17, 58): 13
(45, 52): 13
(2, 47): 13
(20, 22): 13
(29, 33): 12
(29, 46): 12
(9, 38): 12
(39, 50): 12
(9, 29): 12
(19, 45): 12
(19, 46): 12
(24, 37): 12
(31, 40): 12
(31, 60): 12
(31, 55): 12
(34, 36): 12
(4, 57): 12
(48, 53): 12
(26, 47): 12
(8, 19): 12
(25, 27): 12
(55, 57): 12
(25, 37): 12
(6, 55): 12
(6, 26): 12
(35, 60): 12
(35, 47): 12
(5, 26): 12
(5, 55): 12
(5, 50): 12
(20, 50): 12
(20, 46): 12
(20, 35): 12
(40, 48): 12
(49, 56): 12
(27, 54): 12
(12, 36): 12
(7, 49): 12
(11, 60): 12
(12, 55): 12
(22, 24): 12
(39, 48): 12
(21, 60): 12
(2, 26): 12
(2, 9): 12
(1, 60): 12
(1, 29): 12
(36, 43): 12
(36, 45): 12
(14, 20): 12
(14, 18): 12
(14, 27): 12
(16, 48): 12
(16, 49): 12
(43, 48): 12
(28, 39): 12
(28, 60): 12
(3, 6): 12
(3, 39): 12
(3, 38): 12
(3, 41): 12
(38, 57): 12
(8, 29): 12
(38, 40): 12
(18, 26): 12
(18, 35): 12
(18, 46): 12
(18, 55): 12
(15, 21): 12
(17, 21): 12
(30, 48): 12
(29, 58): 11
(32, 57): 11
(9, 31): 11
(9, 16): 11
(19, 38): 11
(31, 48): 11
(31, 52): 11
(53, 57): 11
(26, 44): 11
(26, 46): 11
(26, 58): 11
(26, 60): 11
(8, 26): 11
(25, 55): 11
(25, 40): 11
(25, 44): 11
(6, 42): 11
(6, 32): 11
(8, 13): 11
(20, 23): 11
(22, 47): 11
(12, 23): 11
(20, 25): 11
(7, 52): 11
(42, 57): 11
(33, 47): 11
(22, 39): 11
(22, 23): 11
(21, 58): 11
(21, 37): 11
(2, 25): 11
(1, 57): 11
(36, 39): 11
(36, 50): 11
(16, 40): 11
(14, 57): 11
(13, 18): 11
(43, 60): 11
(13, 28): 11
(23, 40): 11
(13, 55): 11
(13, 48): 11
(3, 19): 11
(3, 57): 11
(8, 57): 11
(18, 19): 11
(15, 56): 11
(15, 46): 11
(17, 60): 11
(9, 59): 10
(19, 36): 10
(19, 32): 10
(41, 43): 10
(7, 48): 10
(7, 26): 10
(11, 55): 10
(22, 45): 10
(22, 26): 10
(21, 44): 10
(21, 41): 10
(39, 40): 10
(2, 39): 10
(2, 40): 10
(14, 16): 10
(21, 47): 10
(3, 59): 10
(8, 20): 10
(18, 28): 10
(9, 26): 9
(4, 22): 9
(11, 29): 9
(26, 59): 9
(6, 9): 9
(49, 60): 9
(21, 55): 9
(21, 45): 9
(21, 42): 9
(21, 39): 9
(39, 42): 9
(16, 25): 9
(13, 23): 9
(3, 26): 9
(3, 12): 9
(3, 55): 9
(38, 43): 9
(15, 40): 9
(9, 27): 8
(48, 56): 8
(8, 16): 8
(20, 39): 8
(51, 55): 8
(21, 24): 7
(19, 25): 7
(1, 15): 7
(26, 56): 6
(32, 39): 6
(36, 57): 6
(15, 44): 6
